Running for  crawl-l Hand_L ...
1 29 [ 18.  18.  18.  18.  18.   9.   0.   0.   3.   3.   3.   3.   3.   3.   6.
   6.   6.   6.   6.   6.   6.   6.  15.  15.  15.  15.  15.  15.  15.] [[-0.0360992   0.0581737  -0.007469  ]
 [-0.0536265   0.15984767 -0.01965   ]
 [-0.0274505   0.0724126  -0.003073  ]
 [-0.015558    0.0638814   0.002443  ]
 [-0.008208    0.0883384   0.01364   ]
 [ 0.025854    0.1587019   0.081045  ]
 [ 0.0253334   0.0651928   0.042248  ]
 [ 0.0348626   0.0504607   0.048845  ]
 [ 0.0619775   0.0273281   0.060241  ]
 [ 0.0498497   0.0169953   0.052962  ]
 [ 0.0449394   0.0119282   0.056976  ]
 [ 0.039079    0.0045399   0.048981  ]
 [ 0.0896192  -0.0141993   0.098259  ]
 [ 0.0359796  -0.0159733   0.04221   ]
 [ 0.0393115  -0.0197438   0.041378  ]
 [ 0.0369352  -0.0263292   0.036919  ]
 [ 0.029115   -0.0263217   0.032887  ]
 [ 0.04764207 -0.0694536   0.053282  ]
 [ 0.02720081 -0.0353063   0.036954  ]
 [ 0.02650344 -0.0435415   0.03481   ]
 [ 0.01981225 -0.036527    0.022877  ]
 [ 0.01397927 -0.0348098   0.018527  ]
 [ 0.00450046 -0.0259015   0.003399  ]
 [ 0.0099641  -0.0377042  -0.008545  ]
 [ 0.00301125 -0.0169963  -0.003942  ]
 [ 0.00130649 -0.0104128  -0.00028   ]
 [ 0.00434826 -0.0120645  -0.003872  ]
 [ 0.00062569 -0.0055099  -0.001917  ]
 [ 0.00026288 -0.0040013  -0.001329  ]]
2 25 [ 18.  18.   9.   9.   9.   0.   0.   3.   3.   3.   3.   3.   6.   6.   6.
   6.   6.   6.   6.  14.  15.  24.  15.  15.  15.] [[ -1.35327000e-02   7.56972000e-02  -2.33000000e-03]
 [ -2.08434000e-02   9.05230000e-02   2.32000000e-04]
 [  2.15641000e-02   8.71374000e-02   5.57250000e-02]
 [  2.49700000e-02   1.11336400e-01   7.39080000e-02]
 [  1.35245000e-02   7.61240000e-02   4.05770000e-02]
 [  1.51018000e-02   3.33111000e-02   3.02890000e-02]
 [  1.06800800e-01   6.59479000e-02   1.48920000e-01]
 [  4.46557000e-02   1.43262000e-02   5.94690000e-02]
 [  4.78311000e-02   6.66100000e-03   6.10220000e-02]
 [  3.93393000e-02  -2.19850000e-03   5.18240000e-02]
 [  3.66263000e-02  -9.18890000e-03   5.40790000e-02]
 [  4.47748000e-02  -1.78674000e-02   5.92500000e-02]
 [  3.80918000e-02  -2.39091000e-02   4.72770000e-02]
 [  6.93225000e-02  -6.80940000e-02   8.41250000e-02]
 [  3.12047000e-02  -3.89619000e-02   3.65140000e-02]
 [  5.14185700e-02  -7.38557000e-02   7.79570000e-02]
 [  2.18497300e-02  -4.00568000e-02   3.69400000e-02]
 [  1.40589500e-02  -3.05855000e-02   2.09890000e-02]
 [  1.12625100e-02  -3.13301000e-02   1.49300000e-02]
 [  1.07828290e-02  -3.62443000e-02   2.37330000e-02]
 [  5.74136000e-04  -1.61024000e-02   2.22900000e-03]
 [ -4.64844000e-04  -1.17834000e-02  -1.34500000e-03]
 [  7.72769000e-04  -7.65190000e-03  -1.09800000e-03]
 [  3.82810000e-04  -3.39690000e-03  -6.40000000e-05]
 [  6.90463100e-04  -2.35430000e-03  -3.06000000e-04]]
3 23 [ 18.  18.  10.   9.   0.   0.   3.   3.   3.   3.   6.   6.   6.   6.   6.
   7.   7.  15.  15.  25.   7.   8.   6.] [[ -2.74512000e-02   7.18544000e-02   8.76200000e-03]
 [ -3.11717000e-02   1.80835100e-01   5.94190000e-02]
 [  8.86990000e-03   8.78625000e-02   2.97030000e-02]
 [  1.96360000e-02   7.21713000e-02   4.96880000e-02]
 [  3.33986000e-02   7.78654000e-02   5.33140000e-02]
 [  8.31644000e-02   8.78028000e-02   1.02906000e-01]
 [  5.48302000e-02   1.52114000e-02   4.34700000e-02]
 [  5.91685000e-02   6.54660000e-03   5.12340000e-02]
 [  5.35698000e-02  -5.12700000e-04   4.67280000e-02]
 [  9.41409000e-02  -3.11925000e-02   7.73800000e-02]
 [  5.06115000e-02  -2.73272000e-02   4.05870000e-02]
 [  4.45511000e-02  -3.41987000e-02   3.15290000e-02]
 [  4.08920000e-02  -2.76494000e-02   4.88540000e-02]
 [  5.58375200e-02  -7.63781000e-02   6.36570000e-02]
 [  2.79095900e-02  -4.49802000e-02   2.21290000e-02]
 [  2.08813900e-02  -3.75816000e-02   7.01900000e-03]
 [  1.06700800e-02  -2.40544000e-02   1.55800000e-03]
 [  3.96492000e-03  -1.92727000e-02   2.54100000e-03]
 [  3.05221000e-03  -2.12235000e-02   4.64000000e-03]
 [ -1.20735000e-03  -1.48277000e-02  -8.93000000e-03]
 [  2.24112000e-03  -4.88250000e-03   1.36000000e-04]
 [  4.66067500e-03  -1.03228000e-02  -8.56000000e-03]
 [  4.30011000e-04  -7.70900000e-04   4.64000000e-04]]
4 25 [ 18.  18.  18.  18.  10.   0.   0.   0.   3.   3.   3.   3.   6.   6.   6.
   6.   6.  15.  15.  15.  15.  25.  14.  14.  14.] [[ -8.09349000e-02   1.25937280e-01  -2.03730000e-02]
 [ -4.58912000e-02   8.79825200e-02   3.63600000e-03]
 [ -3.83971000e-02   9.49820000e-02   1.59000000e-04]
 [ -2.11697000e-02   1.74086100e-01   3.68880000e-02]
 [  9.45450000e-03   8.38126000e-02   2.89860000e-02]
 [  1.99158000e-02   6.03823000e-02   2.75640000e-02]
 [  3.40023000e-02   7.27433000e-02   4.38930000e-02]
 [  6.24523000e-02   9.82368000e-02   9.05590000e-02]
 [  5.21945000e-02   2.12443000e-02   4.47300000e-02]
 [  5.84374000e-02   1.65297000e-02   5.31510000e-02]
 [  1.03730400e-01  -4.06690000e-03   1.03358000e-01]
 [  4.89288000e-02  -1.29705000e-02   4.99180000e-02]
 [  4.14237000e-02  -1.98217000e-02   4.23380000e-02]
 [  4.57445000e-02  -3.38098000e-02   4.53530000e-02]
 [  7.91218000e-02  -7.26365000e-02   1.02049000e-01]
 [  2.76590300e-02  -4.78863000e-02   3.72680000e-02]
 [  4.96532600e-02  -8.82674000e-02   3.80670000e-02]
 [  1.36946900e-02  -3.42664000e-02   6.19000000e-03]
 [  7.87029000e-03  -2.46335000e-02   2.12300000e-03]
 [  2.37892000e-03  -1.78709000e-02   5.18000000e-04]
 [  9.81510000e-04  -9.52020000e-03  -3.22300000e-03]
 [ -5.31830000e-04  -6.89150000e-03  -2.72000000e-03]
 [  3.80590000e-04  -3.86510000e-03   1.75900000e-03]
 [  1.61500000e-04  -8.05500000e-04   5.91000000e-04]
 [  6.20080000e-04  -1.09180000e-03   2.16000000e-03]]
5 29 [ 18.  18.  18.  18.  18.   9.   9.   9.   0.   3.   3.   3.   3.   6.   6.
   6.   6.   6.  15.  15.  15.  15.  15.  15.  15.  15.  24.  25.  15.] [[ -4.79868000e-02   6.30207100e-02  -1.35980000e-02]
 [ -5.12625000e-02   7.07494800e-02   4.83400000e-03]
 [ -3.98578000e-02   7.72570100e-02  -2.07290000e-02]
 [ -2.21748000e-02   6.07454000e-02   8.17200000e-03]
 [ -2.62373000e-02   1.69565400e-01   4.67270000e-02]
 [  1.76000000e-05   8.73973000e-02   4.42000000e-02]
 [  5.58090000e-03   7.43425000e-02   3.88920000e-02]
 [  3.89709000e-02   1.20259100e-01   1.06811000e-01]
 [  3.60626000e-02   4.88222000e-02   6.34830000e-02]
 [  6.69143000e-02   2.57951000e-02   6.91350000e-02]
 [  5.47169000e-02   1.29154000e-02   5.93410000e-02]
 [  1.04481600e-01   1.75180000e-03   1.02611000e-01]
 [  4.74254000e-02  -1.61827000e-02   4.09210000e-02]
 [  1.02068200e-01  -5.27487000e-02   8.73220000e-02]
 [  4.12442000e-02  -3.43513000e-02   3.18080000e-02]
 [  4.09648000e-02  -3.21977000e-02   4.07070000e-02]
 [  5.97199200e-02  -6.83467000e-02   5.85270000e-02]
 [  1.52951800e-02  -2.92664000e-02   1.88540000e-02]
 [  1.19356500e-02  -3.43688000e-02   7.13100000e-03]
 [  7.12869000e-03  -3.59811000e-02  -2.37300000e-03]
 [  4.04619000e-03  -2.64161000e-02   8.06200000e-03]
 [  3.46181000e-03  -2.31317000e-02   6.16200000e-03]
 [  5.99643300e-03  -1.72007000e-02  -3.84100000e-03]
 [  3.77079000e-04  -7.21280000e-03   6.47000000e-04]
 [  1.02266100e-03  -5.37450000e-03   5.53000000e-04]
 [  1.88143000e-04  -3.56540000e-03   6.40000000e-05]
 [ -7.04870000e-05  -3.05410000e-03   4.89000000e-04]
 [ -2.69700000e-04  -7.87200000e-04  -4.00000000e-04]
 [  2.13594000e-04  -9.26500000e-04  -3.19000000e-04]]
6 24 [ 18.  18.  18.  18.  18.  18.   9.   9.   0.   0.   3.   3.   3.   3.   6.
   6.   6.   6.   6.   7.  15.  15.  24.  15.] [[-0.0505372   0.0535055  -0.012429  ]
 [-0.0923539   0.14184523 -0.015886  ]
 [-0.0395524   0.07935337 -0.016832  ]
 [-0.0291774   0.0667065  -0.005507  ]
 [-0.0332807   0.1038218   0.019419  ]
 [-0.0048304   0.0926793   0.032471  ]
 [ 0.0203677   0.1496853   0.08533   ]
 [ 0.030623    0.0804493   0.06014   ]
 [ 0.0327691   0.0552543   0.047142  ]
 [ 0.0454502   0.0522109   0.066136  ]
 [ 0.094017    0.0255443   0.097473  ]
 [ 0.0643397   0.0042591   0.066088  ]
 [ 0.0490644  -0.0078158   0.055924  ]
 [ 0.0418945  -0.0169187   0.045801  ]
 [ 0.0534174  -0.0311881   0.05323   ]
 [ 0.080084   -0.0644934   0.102628  ]
 [ 0.0314766  -0.0383009   0.035038  ]
 [ 0.03224538 -0.0529284   0.034425  ]
 [ 0.0281002  -0.052177    0.024268  ]
 [ 0.01546836 -0.0368863   0.011693  ]
 [ 0.00911093 -0.0293099   0.00596   ]
 [ 0.01028985 -0.0336942   0.007245  ]
 [-0.00074742 -0.0164692   0.001193  ]
 [ 0.00100416 -0.0080959   0.001916  ]]
7 23 [ 18.  18.  18.  18.  18.  18.  10.   9.   9.   0.   0.   3.   3.   3.   6.
   6.   6.   6.   6.  15.  15.  15.  15.] [[ -4.65673000e-02   4.46792000e-02  -1.61200000e-02]
 [ -5.84452000e-02   7.90926200e-02  -5.48700000e-03]
 [ -8.38815000e-02   1.55321050e-01   7.89000000e-03]
 [ -3.57579000e-02   8.22795300e-02   8.37800000e-03]
 [ -1.86312000e-02   8.85888000e-02   1.89910000e-02]
 [ -4.60280000e-03   7.99175000e-02   2.32410000e-02]
 [  3.84920000e-03   8.91004000e-02   3.51910000e-02]
 [  3.98434000e-02   1.44137500e-01   9.80930000e-02]
 [  2.83001000e-02   6.90324000e-02   5.92160000e-02]
 [  5.97912000e-02   4.43851000e-02   5.95420000e-02]
 [  5.18122000e-02   2.64053000e-02   5.31530000e-02]
 [  5.87746000e-02   1.71980000e-02   6.55180000e-02]
 [  1.06712800e-01  -8.42560000e-03   1.00364000e-01]
 [  4.84562000e-02  -1.38431000e-02   4.24370000e-02]
 [  6.06734000e-02  -3.02571000e-02   5.03750000e-02]
 [  4.34602000e-02  -2.94175000e-02   3.28230000e-02]
 [  8.04069700e-02  -5.95433000e-02   9.03490000e-02]
 [  3.56963500e-02  -3.92723000e-02   3.97150000e-02]
 [  3.42040364e-02  -8.80767000e-02   4.03660000e-02]
 [  1.31227236e-02  -4.51025000e-02   7.33100000e-03]
 [  4.56391000e-03  -2.74267000e-02   5.55000000e-03]
 [  5.42501000e-03  -3.53212000e-02   1.14270000e-02]
 [  7.36400000e-05  -2.53691000e-02   1.30400000e-03]]
8 25 [ 19.  18.  18.  18.  10.   9.   0.   0.   3.   3.   3.   3.   3.   6.   6.
   6.   6.   6.   6.   6.  15.  15.  15.  24.  15.] [[ -4.62448000e-02   8.75268100e-02  -3.12770000e-02]
 [ -2.67347000e-02   6.65714000e-02  -1.51600000e-03]
 [ -1.08748000e-02   9.07568000e-02   1.02960000e-02]
 [ -1.02428000e-02   7.81369000e-02   1.46190000e-02]
 [  1.08831000e-02   1.29357800e-01   4.82510000e-02]
 [  1.43654000e-02   1.09910000e-01   5.89090000e-02]
 [  3.31006000e-02   8.20658000e-02   6.10650000e-02]
 [  2.50506000e-02   4.32956000e-02   4.92760000e-02]
 [  5.33532000e-02   2.34654000e-02   6.29570000e-02]
 [  9.78009000e-02   2.24492000e-02   1.12173000e-01]
 [  5.11143000e-02   1.29000000e-03   6.51720000e-02]
 [  4.32452000e-02  -3.29370000e-03   5.09860000e-02]
 [  4.92228000e-02  -1.92483000e-02   6.01140000e-02]
 [  4.53057000e-02  -2.68812000e-02   4.64430000e-02]
 [  4.68862000e-02  -3.99985000e-02   4.66280000e-02]
 [  3.94171000e-02  -3.90878000e-02   4.04190000e-02]
 [  3.80982000e-02  -3.53201000e-02   5.04970000e-02]
 [  6.11591400e-02  -8.11526000e-02   6.30080000e-02]
 [  2.13835600e-02  -3.53454000e-02   2.03360000e-02]
 [  1.40459250e-02  -2.85380000e-02   1.24820000e-02]
 [  3.35097700e-03  -4.23710000e-02  -4.56700000e-03]
 [  3.79841600e-03  -2.76430000e-02   4.60100000e-03]
 [  2.03460500e-03  -2.08530000e-02   6.62200000e-03]
 [ -1.56454400e-03  -9.71470000e-03   5.00000000e-05]
 [  3.32200000e-04  -6.35750000e-03   1.31800000e-03]]
9 27 [ 19.  18.  18.  18.  18.  18.   9.   9.   0.   0.   3.   3.   3.   3.   6.
   6.   6.   6.   6.   6.  14.  15.  15.  15.  15.  24.  24.] [[-0.0930953   0.10014697 -0.04613   ]
 [-0.0474551   0.06928697 -0.007076  ]
 [-0.0452688   0.09116586 -0.011951  ]
 [-0.0330462   0.1495956   0.018051  ]
 [-0.0081951   0.0996573   0.021121  ]
 [-0.0031342   0.0880662   0.024766  ]
 [ 0.0127468   0.0743511   0.035726  ]
 [ 0.0236196   0.0783073   0.055064  ]
 [ 0.0708104   0.1167216   0.107375  ]
 [ 0.0515604   0.0248441   0.05647   ]
 [ 0.046126    0.0159534   0.055709  ]
 [ 0.0445362   0.0082674   0.059703  ]
 [ 0.0561946  -0.0057228   0.07085   ]
 [ 0.0891518  -0.0264252   0.102318  ]
 [ 0.0473062  -0.0255836   0.048807  ]
 [ 0.0417263  -0.03481     0.037025  ]
 [ 0.03295    -0.0326806   0.030636  ]
 [ 0.06111645 -0.0620065   0.080478  ]
 [ 0.02969009 -0.0383129   0.033325  ]
 [ 0.02658135 -0.0467528   0.030276  ]
 [ 0.01323959 -0.0434256   0.022402  ]
 [ 0.01098202 -0.0431839   0.009908  ]
 [ 0.00181757 -0.0383638  -0.004713  ]
 [ 0.00083088 -0.0357452  -0.001771  ]
 [ 0.00098375 -0.0324811  -0.002383  ]
 [-0.00300227 -0.0190072   0.003046  ]
 [-0.00089857 -0.0093048   0.000503  ]]
10 26 [ 18.  18.  18.  18.  18.  18.   9.   0.   0.   0.   0.   3.   3.   3.   3.
   6.   6.   6.   6.   6.   6.  15.  15.  14.  25.  25.] [[-0.0435695   0.0457166  -0.008854  ]
 [-0.0555753   0.06705676 -0.01135   ]
 [-0.1010211   0.15931068  0.025745  ]
 [-0.0241297   0.07618196  0.012888  ]
 [-0.0107193   0.0884318   0.022756  ]
 [-0.0052778   0.0920352   0.029775  ]
 [ 0.0202115   0.1532178   0.06769   ]
 [ 0.0250027   0.065926    0.037572  ]
 [ 0.030368    0.057706    0.038395  ]
 [ 0.0303568   0.0456396   0.035245  ]
 [ 0.0496391   0.0256513   0.036954  ]
 [ 0.091914    0.0251624   0.083356  ]
 [ 0.0567062   0.0014124   0.052981  ]
 [ 0.0465169  -0.0056748   0.046514  ]
 [ 0.0439066  -0.0140931   0.041265  ]
 [ 0.0485376  -0.0296376   0.04198   ]
 [ 0.0787903  -0.0635942   0.092216  ]
 [ 0.03527151 -0.0400401   0.034704  ]
 [ 0.02979635 -0.0431501   0.01663   ]
 [ 0.01723992 -0.0350117   0.016667  ]
 [ 0.01761541 -0.0319954   0.011301  ]
 [ 0.00795298 -0.0278187   0.0022    ]
 [ 0.00568249 -0.0293457   0.003115  ]
 [ 0.0002659  -0.0212411   0.010187  ]
 [-0.0499843  -0.0773002  -0.230163  ]
 [-0.00306096 -0.0015058  -0.020164  ]]
11 25 [ 18.  18.  18.  18.  10.   9.   9.   0.   3.   3.   3.   3.   3.   6.   6.
   6.   6.   6.  15.  15.  16.  15.  15.  15.   6.] [[-0.0533546   0.09132216 -0.02241   ]
 [-0.0283302   0.07361105 -0.01858   ]
 [-0.0280715   0.1030653  -0.008554  ]
 [-0.0076895   0.0716079   0.011577  ]
 [ 0.0049576   0.0810783   0.027963  ]
 [ 0.0140959   0.0842319   0.035443  ]
 [ 0.0420685   0.1486161   0.090575  ]
 [ 0.0358603   0.0558895   0.063166  ]
 [ 0.0679663   0.0193938   0.059919  ]
 [ 0.060286    0.0133975   0.064761  ]
 [ 0.0461272   0.0070415   0.059349  ]
 [ 0.1036184  -0.0217008   0.125901  ]
 [ 0.0509502  -0.0229504   0.062367  ]
 [ 0.0448569  -0.0388072   0.0499    ]
 [ 0.0397839  -0.046963    0.043804  ]
 [ 0.0345605  -0.0398813   0.054923  ]
 [ 0.06480594 -0.111059    0.090677  ]
 [ 0.01750615 -0.0376237   0.017161  ]
 [ 0.00962417 -0.033308    0.006192  ]
 [ 0.00418902 -0.0254418  -0.002718  ]
 [ 0.00073227 -0.017723   -0.007646  ]
 [ 0.00101349 -0.0061486   0.000574  ]
 [ 0.00040102 -0.0035926   0.000981  ]
 [ 0.00026908 -0.0008307   0.000203  ]
 [ 0.00141969 -0.0013045   0.002477  ]]
12 21 [  0.   0.   0.   3.   3.   3.   3.   6.   6.   6.   6.   6.   6.  14.  15.
  24.  24.  24.  24.  24.  24.] [[  2.77861000e-02   7.18637000e-02   5.15080000e-02]
 [  2.58442000e-02   5.51938000e-02   3.98490000e-02]
 [  1.11980800e-01   7.02005000e-02   1.19007000e-01]
 [  4.28225000e-02   1.76316000e-02   4.87930000e-02]
 [  5.54711000e-02   7.93230000e-03   6.44480000e-02]
 [  4.76837000e-02  -1.65810000e-03   5.25350000e-02]
 [  4.81926000e-02  -1.09997000e-02   5.43680000e-02]
 [  5.42515000e-02  -2.73790000e-02   5.22030000e-02]
 [  5.28534000e-02  -4.18675000e-02   5.06260000e-02]
 [  3.94549000e-02  -3.99754000e-02   3.44860000e-02]
 [  7.13770700e-02  -8.61034000e-02   8.08100000e-02]
 [  2.89537200e-02  -4.29900000e-02   2.85200000e-02]
 [  1.77897300e-02  -3.60628000e-02   2.96980000e-02]
 [  1.08654930e-02  -3.11616000e-02   1.77780000e-02]
 [  4.93034700e-03  -1.93837000e-02   4.49200000e-03]
 [ -7.33617000e-04  -1.23674000e-02  -5.90000000e-05]
 [ -8.78902000e-04  -7.56520000e-03   1.82200000e-03]
 [ -3.74073000e-04  -6.29430000e-03   5.51800000e-03]
 [ -1.63447100e-03  -5.14900000e-03   6.17900000e-03]
 [ -1.37904700e-03  -1.30120000e-03   4.60000000e-05]
 [ -3.01800000e-05  -1.51300000e-04   3.08000000e-04]]
13 26 [ 18.  18.  18.  18.   9.   9.   0.   0.   0.   3.   3.   3.   3.   6.   6.
   6.   6.   6.   7.  15.  15.  15.  15.  15.  15.  24.] [[ -5.39176000e-02   9.98839100e-02  -7.95000000e-03]
 [ -5.42743000e-02   1.70905070e-01  -4.20300000e-03]
 [ -3.15361000e-02   1.02502700e-01  -4.27000000e-03]
 [ -1.18062000e-02   8.26481000e-02   3.22320000e-02]
 [  1.75626000e-02   8.93351000e-02   5.06350000e-02]
 [  2.21413000e-02   7.02857000e-02   5.68520000e-02]
 [  3.41357000e-02   7.33436000e-02   6.31020000e-02]
 [  2.90336000e-02   5.25965000e-02   5.33640000e-02]
 [  4.96190000e-02   2.79827000e-02   5.68870000e-02]
 [  1.06356000e-01   2.18357000e-02   1.23302000e-01]
 [  5.51121000e-02   8.23400000e-04   7.11130000e-02]
 [  4.87500000e-02  -7.94620000e-03   5.66800000e-02]
 [  4.47666000e-02  -1.54051000e-02   5.25950000e-02]
 [  5.57434000e-02  -3.53590000e-02   5.26410000e-02]
 [  8.14892000e-02  -7.67808000e-02   6.14830000e-02]
 [  3.98779300e-02  -2.99083000e-02   4.97320000e-02]
 [  3.36359200e-02  -3.06455000e-02   3.94200000e-02]
 [  4.34360201e-02  -6.80473000e-02   5.12540000e-02]
 [  1.31595799e-02  -2.88188000e-02   8.86600000e-03]
 [  8.81150000e-03  -2.85115000e-02   6.87700000e-03]
 [  8.91646000e-03  -2.99795000e-02   2.82000000e-03]
 [  8.08668000e-03  -2.51927000e-02   6.03100000e-03]
 [  6.17455000e-03  -2.00066000e-02   4.68200000e-03]
 [  2.05326000e-03  -1.61518000e-02  -3.83000000e-04]
 [  1.82521000e-03  -1.64181000e-02   5.95000000e-04]
 [ -1.58420000e-04  -9.49710000e-03   1.49600000e-03]]
14 24 [ 19.  18.  18.  18.  18.  18.  10.   9.   9.   0.   3.   3.   3.   3.   6.
   6.   6.   6.   6.   6.   6.   6.  15.  25.] [[-0.0548355   0.0537248  -0.033467  ]
 [-0.0537044   0.07212021 -0.019828  ]
 [-0.0544594   0.09204618 -0.006656  ]
 [-0.0675557   0.16384291 -0.002181  ]
 [-0.0154202   0.0724027   0.018052  ]
 [-0.004455    0.1001983   0.02809   ]
 [ 0.0020986   0.0926807   0.035016  ]
 [ 0.0068637   0.0627915   0.028581  ]
 [ 0.0194234   0.0815113   0.057665  ]
 [ 0.0514241   0.0942156   0.080207  ]
 [ 0.0729718   0.0264507   0.09173   ]
 [ 0.0626397   0.0114622   0.079978  ]
 [ 0.0567142  -0.0029415   0.073242  ]
 [ 0.0587867  -0.0119429   0.067679  ]
 [ 0.0508092  -0.0250164   0.057739  ]
 [ 0.0595141  -0.0418314   0.056713  ]
 [ 0.0458509  -0.0417398   0.041888  ]
 [ 0.07472242 -0.0907235   0.084559  ]
 [ 0.02945572 -0.0462435   0.031909  ]
 [ 0.020548   -0.0367523   0.018205  ]
 [ 0.01217089 -0.0234599   0.015287  ]
 [ 0.00628365 -0.0131802   0.006338  ]
 [ 0.00102193 -0.0151937   0.002258  ]
 [-0.0017534  -0.0118179  -0.004457  ]]
15 22 [ 18.  18.  18.  10.   9.   0.   3.   3.   3.   3.   6.   6.   6.   6.   6.
   6.   6.  15.  15.  15.  24.  15.] [[ -3.69372000e-02   1.66461640e-01   9.10800000e-03]
 [ -1.83800000e-02   8.89738000e-02   6.70200000e-03]
 [ -1.37809000e-02   1.02665000e-01   2.33490000e-02]
 [  2.91220000e-03   8.11673000e-02   3.11490000e-02]
 [  3.90540000e-02   1.44183700e-01   8.92350000e-02]
 [  3.35285000e-02   4.59862000e-02   5.29030000e-02]
 [  7.77033000e-02   3.17212000e-02   8.54750000e-02]
 [  5.10459000e-02   1.22833000e-02   5.36760000e-02]
 [  4.45236000e-02   8.66890000e-03   5.32230000e-02]
 [  1.08755000e-01  -1.84446000e-02   1.27658000e-01]
 [  4.83985000e-02  -2.48967000e-02   5.37960000e-02]
 [  5.03125000e-02  -3.51976000e-02   4.89230000e-02]
 [  4.67675000e-02  -3.96084000e-02   4.66720000e-02]
 [  6.99950300e-02  -8.17705000e-02   6.77610000e-02]
 [  3.07493100e-02  -4.64808000e-02   2.85970000e-02]
 [  2.32709300e-02  -4.43663000e-02   2.43480000e-02]
 [  1.43196500e-02  -2.96783000e-02   1.47760000e-02]
 [  8.01667500e-03  -2.45419000e-02   8.36400000e-03]
 [  4.07606600e-03  -2.48511000e-02   7.55300000e-03]
 [  1.76794500e-03  -1.09162000e-02   3.19200000e-03]
 [ -2.84237230e-03  -7.26170000e-03  -2.21600000e-03]
 [  8.48962000e-05  -2.96250000e-03  -6.00000000e-06]]
16 25 [ 18.  18.  18.  18.  18.   9.   9.   0.   0.   3.   3.   3.   3.   3.   6.
   6.   6.   6.   6.   6.  15.  15.  15.  15.  15.] [[-0.066811    0.06097156 -0.005127  ]
 [-0.1025303   0.14635464 -0.000584  ]
 [-0.0405569   0.0869052  -0.006433  ]
 [-0.0194412   0.0769133   0.0047    ]
 [-0.0068877   0.0876604   0.01719   ]
 [ 0.0175514   0.1364173   0.057177  ]
 [ 0.0233925   0.0728602   0.043854  ]
 [ 0.0300679   0.0759355   0.051319  ]
 [ 0.0360563   0.0504042   0.051162  ]
 [ 0.1040655   0.0394724   0.084702  ]
 [ 0.0562163   0.010327    0.047737  ]
 [ 0.0587602  -0.000713    0.053131  ]
 [ 0.0475038  -0.0097032   0.043052  ]
 [ 0.0425968  -0.0174047   0.036001  ]
 [ 0.0419995  -0.025717    0.038068  ]
 [ 0.0383137  -0.0355796   0.030283  ]
 [ 0.0612216  -0.0712365   0.072571  ]
 [ 0.02688764 -0.0396892   0.028628  ]
 [ 0.021814   -0.0351798   0.026866  ]
 [ 0.01559358 -0.0304518   0.023408  ]
 [ 0.01004119 -0.0370654   0.006992  ]
 [ 0.00610891 -0.03137     0.005991  ]
 [ 0.00243415 -0.0244062  -0.000583  ]
 [ 0.00135812 -0.0176068   0.002805  ]
 [ 0.00102772 -0.0157115   0.000727  ]]
