E:
 [[  5.94313459e-12   4.35777425e-11   2.75462666e-11   6.39943541e-11
    2.51888660e-10   4.73976946e-09   5.32298997e-09   1.39631055e-08
    1.73354020e-08   2.52807138e-08   7.17438775e-07   2.84334677e-01]
 [  7.27301945e-11   5.19909491e-10   3.81932604e-10   9.90952582e-10
    4.26972979e-09   7.62768162e-08   1.13834404e-07   3.89414700e-07
    6.52525931e-07   1.51126914e-06   8.23517007e-05   1.65625738e-01]
 [  1.67589530e-16   7.20747473e-16   7.89471327e-16   2.87829097e-15
    1.58641426e-14   3.44363857e-13   5.07469785e-13   2.30597877e-12
    4.79294892e-12   1.24652952e-11   3.38633124e-09   1.65631883e-01]
 [  2.41807358e-03   1.32263107e-02   6.91988986e-03   1.30773042e-02
    4.14204006e-02   5.05028763e-01   5.00143747e-01   8.99798501e-01
    9.15873529e-01   9.61894977e-01   9.72449391e-01   2.91899366e-05]
 [  4.94061893e-17   4.95645697e-17   4.26426926e-17   4.46730323e-17
    7.50821860e-17   1.51725282e-15   3.71300005e-15   2.09079677e-14
    5.74593759e-14   1.64617027e-13   4.99058934e-11   1.24223912e-01]
 [  3.18231246e-04   1.58450963e-03   8.52998855e-04   1.30681393e-03
    3.86362011e-03   4.07102059e-02   3.73250410e-02   4.12597269e-02
    3.73093640e-02   2.64818333e-02   2.71785917e-02   1.19367499e-01]
 [  9.97263695e-01   9.85189179e-01   9.92227111e-01   9.85615881e-01
    9.54715975e-01   4.54260950e-01   4.62531093e-01   5.89413689e-02
    4.68164371e-02   1.16216529e-02   2.88944923e-04   7.28627463e-17]
 [  6.40492744e-17   7.18363466e-17   6.43451772e-17   1.09670493e-16
    4.90117560e-16   1.63203224e-14   2.67141176e-14   1.26465189e-13
    3.05277356e-13   7.76371100e-13   3.14935789e-10   1.40787101e-01]]
P:
 [[ 0.09112579  0.0910952   0.09496013  0.09560599  0.09332483  0.08096284
   0.08122127  0.0748498   0.0746255   0.07393177  0.07368788  0.074609  ]
 [ 0.09089623  0.09086922  0.09465575  0.09529062  0.09306439  0.08101069
   0.08126518  0.07506526  0.07484786  0.07417776  0.07394661  0.07491043]
 [ 0.09100438  0.09097572  0.09479642  0.09543597  0.09318567  0.08099097
   0.0812473   0.07496462  0.07474381  0.07406202  0.07382457  0.07476854]
 [ 0.09084746  0.09082137  0.09458523  0.09521675  0.0930064   0.08103013
   0.08128381  0.07511899  0.07490294  0.07423737  0.07400859  0.07494095]
 [ 0.09021236  0.0901963   0.09374441  0.09434581  0.09228712  0.08116717
   0.08141011  0.07573007  0.07553399  0.07493706  0.07474538  0.07569023]
 [ 0.08239864  0.08249146  0.08401392  0.08434757  0.08372997  0.08195834
   0.08207701  0.08307397  0.0831987   0.08375541  0.08423148  0.08472353]
 [ 0.08244396  0.08253678  0.08406389  0.08439831  0.08377846  0.08198763
   0.08210734  0.0830975   0.08322312  0.08378375  0.08426247  0.0843168 ]
 [ 0.07460487  0.07478595  0.07497656  0.07514853  0.07550522  0.08159098
   0.08160617  0.09079028  0.09143379  0.09404116  0.09592113  0.08959538]
 [ 0.07425103  0.07443599  0.07458183  0.0747491   0.07514067  0.08156562
   0.08157727  0.091239    0.09192029  0.09468875  0.09669684  0.08915362]
 [ 0.07305916  0.07325523  0.07326797  0.07342086  0.07391481  0.08137486
   0.08137561  0.09264707  0.09346656  0.09685408  0.09941648  0.0879473 ]
 [ 0.07253303  0.07273146  0.07270107  0.07284828  0.07337201  0.08114136
   0.08113807  0.09300861  0.09389212  0.09761625  0.10063093  0.08838681]
 [ 0.02410912  0.02417435  0.02415033  0.02419671  0.02437799  0.02703633
   0.02703914  0.03114454  0.03145772  0.03273488  0.0336525   0.69592639]]
Pi:
 [  3.47566813e-02   5.40350160e-02   2.91483813e-01   3.44356556e-01
   2.58117295e-01   1.29490407e-03   1.59325320e-02   1.18441655e-05
   1.13455160e-05   1.29877872e-08   2.29106186e-16   2.12820338e-16]
Gesture Threshold:
 -198.75637022571323
Shapes:
E:  (8, 12) P:  (12, 12) Pi:  (12,)
