E:
 [[  1.86955967e-16   2.54495550e-16   3.09178863e-16   1.04646190e-15
    2.06884401e-14   8.79073627e-14   2.63802344e-13   1.12917444e-12
    2.43149244e-09   2.98553041e-01]
 [  3.94556644e-14   1.89911778e-12   3.96147045e-12   1.94995609e-11
    2.48819240e-10   5.81240371e-10   1.13875293e-09   1.61572916e-09
    2.53278918e-07   3.01423711e-01]
 [  6.88742585e-08   1.64056742e-06   3.61931672e-06   1.40269592e-05
    8.51151118e-05   1.04150753e-04   9.60237632e-05   7.41979329e-05
    6.94855695e-05   1.86559267e-01]
 [  2.94223757e-04   8.29901964e-03   1.40568323e-02   5.48741180e-02
    4.27166194e-01   7.33635942e-01   8.68499239e-01   9.73099412e-01
    9.99875522e-01   1.03304800e-03]
 [  9.99705707e-01   9.91699340e-01   9.85939548e-01   9.45111855e-01
    5.72748690e-01   2.66259905e-01   1.31404731e-01   2.68263725e-02
    4.65903121e-05   6.79697841e-17]
 [  4.18532631e-14   2.47934585e-12   5.58011119e-12   3.18448639e-11
    5.12755818e-10   1.68280633e-09   4.47497550e-09   1.61367857e-08
    8.14617892e-06   2.12430933e-01]]
P:
 [[ 0.12866137  0.11716153  0.1212753   0.11604815  0.09738587  0.08913384
   0.08537941  0.08192354  0.08072626  0.08230473]
 [ 0.12808245  0.11679135  0.12083809  0.11572049  0.09744324  0.08936704
   0.08569294  0.08232249  0.08121191  0.08253   ]
 [ 0.1275698   0.11646881  0.12045445  0.11543553  0.09749819  0.08957348
   0.08596778  0.08266974  0.08163347  0.08272874]
 [ 0.12479298  0.11466028  0.11833399  0.11382723  0.09772749  0.09067525
   0.08748097  0.08463637  0.08407433  0.08379111]
 [ 0.1077195   0.10252276  0.10459536  0.10281497  0.09764588  0.09681149
   0.0969662   0.09837754  0.10288297  0.08966334]
 [ 0.09460888  0.09226781  0.0934013   0.09326989  0.09575577  0.10036956
   0.1039701   0.11060363  0.12271035  0.09304272]
 [ 0.08762306  0.08644172  0.08718702  0.08773978  0.09381142  0.1014758
   0.1072683   0.11773395  0.13655198  0.09416698]
 [ 0.07969778  0.0794414   0.07986522  0.08095038  0.09019117  0.10117219
   0.10975802  0.12610068  0.1584415   0.09438165]
 [ 0.07533955  0.07534582  0.07566441  0.07685924  0.08685451  0.09895329
   0.10880758  0.12894145  0.17790787  0.09532628]
 [ 0.02276283  0.02279134  0.02285308  0.02313514  0.02538851  0.02788787
   0.02974965  0.03303781  0.03869524  0.75369853]]
Pi:
 [  4.30656907e-01   1.19801732e-01   2.57773447e-01   1.80222411e-01
   8.27818680e-03   2.64869572e-03   6.14458434e-04   4.16197417e-06
   2.14777662e-16   2.14608185e-16]
Gesture Threshold:
 -159.5103880202942
Shapes:
E:  (6, 10) P:  (10, 10) Pi:  (10,)
