1.46759564596e-16, 7.50434882297e-23, 2.74961253247e-16, 1.33015676355e-22, 4.7222005651e-21, 6.59549511246e-22, 3.96844457419e-17, 1.33847800221e-17, 0.0714285714286, 1.50673124771e-16, 1.23016779522e-28, 3.38879177167e-33, 
7.53843328486e-32, 7.53842943289e-32, 5.53030729112e-32, 5.53030740933e-32, 9.76527121338e-37, 1.08242786135e-36, 7.72856754947e-33, 1.2977204746e-30, 0.0357142857143, 0.0357142857143, 6.49255225257e-29, 1.46032146573e-45, 
3.87218213318e-47, 7.74435437059e-47, 2.62851981549e-47, 2.22462507412e-47, 1.1123274982e-47, 4.14116264579e-52, 1.50532854946e-48, 3.19226053548e-44, 0.0178571428572, 0.0357142857143, 1.53893978449e-14, 7.7068275742e-46, 
1.9889801907e-62, 5.96692938898e-62, 2.08629999345e-62, 9.76114628543e-63, 6.71159537997e-63, 2.23730028895e-63, 2.93239335483e-64, 7.80651525828e-58, 0.00892857142858, 0.0267857142857, 1.53893978449e-14, 1.82676135744e-31, 
1.02165705613e-77, 4.08661830242e-77, 1.61974898243e-77, 6.15944460589e-78, 3.31315397689e-78, 1.79988551362e-78, 4.92815787698e-79, 1.90895539657e-71, 0.00446428571429, 0.0178571428572, 1.15420483837e-14, 1.82676135744e-31, 
5.24783074878e-93, 2.62390759535e-92, 1.14772374709e-92, 4.49665757835e-93, 1.90521883385e-93, 1.02838227754e-93, 4.46497413774e-94, 4.66803600677e-85, 0.00223214285714, 0.0111607142857, 7.69469892245e-15, 1.37007101808e-31, 
2.69559412354e-108, 1.61735082491e-107, 7.58589596661e-108, 3.21283476737e-108, 1.2876060783e-108, 5.90033266502e-109, 2.87228854201e-109, 1.14149129194e-98, 0.00111607142857, 0.00669642857143, 4.80918682653e-15, 9.13380678718e-32, 
1.38461547765e-123, 9.69226941736e-123, 4.77873769318e-123, 2.17195226578e-123, 9.05171330218e-124, 3.77648369311e-124, 1.70844439209e-124, 2.79132887251e-112, 0.000558035714286, 0.00390625, 2.88551209592e-15, 5.70862924199e-32, 
7.11219839891e-139, 5.68973290765e-138, 2.91055897317e-138, 1.39799455852e-138, 6.18900270917e-139, 2.58012684379e-139, 1.06817499662e-139, 6.82573483417e-126, 0.000279017857143, 0.00223214285714, 1.68321538929e-15, 3.42517754519e-32, 
3.65324285925e-154, 3.28790195377e-153, 1.72977986359e-153, 8.66580789532e-154, 4.05657009675e-154, 1.76372927267e-154, 7.10496973799e-155, 1.66912098697e-139, 0.000139508928571, 0.00125558035714, 9.61837365306e-16, 1.9980202347e-32, 
1.87652011939e-169, 1.87650966423e-168, 1.00920818617e-168, 5.22206872477e-169, 2.55884527883e-169, 1.17063299289e-169, 4.81848908757e-170, 4.08156035479e-153, 6.97544642857e-05, 0.000697544642857, 5.41033517985e-16, 1.1417258484e-32, 
9.63890957749e-185, 1.0602735992e-183, 5.80405490741e-184, 3.08014014647e-184, 1.56497119293e-184, 7.50107517503e-185, 3.21816407122e-185, 9.98078333438e-167, 3.48772321429e-05, 0.000383649553572, 3.00574176658e-16, 6.42220789724e-33, 
4.9511101364e-200, 5.94129293664e-199, 3.29990387736e-199, 1.78688107447e-199, 9.34268831494e-200, 4.65630261872e-200, 2.08754302112e-200, 2.44063611238e-180, 1.74386160714e-05, 0.000209263392857, 1.65315797162e-16, 3.56789327624e-33, 
2.54318098803e-215, 3.30611175524e-214, 1.8586853081e-214, 1.02310673114e-214, 5.47303467498e-215, 2.81560786034e-215, 1.31334580539e-215, 5.96817347246e-194, 8.71930803572e-06, 0.000113351004464, 9.01722529974e-17, 1.96234130193e-33, 
1.3063271387e-230, 1.82884403854e-229, 1.0387975296e-229, 5.79615781087e-230, 3.1585578774e-230, 1.66708923411e-230, 8.04102624394e-231, 1.45941848589e-207, 4.35965401786e-06, 6.103515625e-05, 4.88433037069e-17, 1.07036798287e-33, 
6.71006350445e-246, 1.00650132828e-244, 5.76769801457e-245, 3.25512001708e-245, 1.80105731621e-245, 9.70579236944e-246, 4.81257969859e-246, 3.5687674408e-221, 2.17982700893e-06, 3.26974051339e-05, 2.63002404576e-17, 5.7978265739e-34, 
3.44668275656e-261, 5.51464466618e-260, 3.18443903621e-260, 1.8147623596e-260, 1.01694632138e-260, 5.57457441185e-261, 2.82741392299e-261, 8.72683275542e-235, 1.08991350446e-06, 1.74386160714e-05, 1.40894145308e-17, 3.12190661671e-34, 
1.77041871757e-276, 3.00968421874e-275, 1.74964989893e-275, 1.00549102169e-275, 5.69540096504e-276, 3.16658795639e-276, 1.63626463679e-276, 2.13400315948e-248, 5.44956752232e-07, 9.26426478795e-06, 7.51435441645e-18, 1.67244997324e-34, 
9.0939104551e-292, 1.63688803094e-290, 9.57246618477e-291, 5.54142399926e-291, 3.16785190892e-291, 1.78240601652e-291, 9.35342628527e-292, 5.21835310963e-262, 2.72478376116e-07, 4.90461077009e-06, 3.99200078374e-18, 8.91973319061e-35, 
4.67116657458e-307, 8.87512599862e-306, 5.21759254474e-306, 3.03986170584e-306, 1.7516921407e-306, 9.9564212818e-307, 5.29274241092e-307, 1.27606227085e-275, 1.36239188058e-07, 2.5885445731e-06, 2.11341217963e-18, 4.73860825751e-35, 
1.48219693752e-323, 3.31023982714e-322, 1.97626258336e-322, 1.13635098543e-322, 6.42285339594e-323, 3.95252516673e-323, 1.97626258336e-323, 1.71129667913e-292, 1.23292280536e-24, 4.56938666578e-23, 3.4866111542e-07, 1.72774460454e-36, 
0.0, 0.0, 0.0, 0.0, 0.0, 0.0, 0.0, 2.29497916435e-309, 1.115757269e-41, 7.86949221797e-40, 4.69625188877e-08, 2.85035435486e-25, 
0.0, 0.0, 0.0, 0.0, 0.0, 0.0, 0.0, 0.0, 1.00972605739e-58, 1.33840292084e-56, 6.32556394372e-09, 3.83925291082e-26, 
0.0, 0.0, 0.0, 0.0, 0.0, 0.0, 0.0, 0.0, 9.1377106769e-76, 2.26139733934e-73, 8.52014758871e-10, 5.17123875778e-27, 
0.0, 0.0, 0.0, 0.0, 0.0, 0.0, 0.0, 0.0, 8.26934749315e-93, 3.80762419741e-90, 1.14761174781e-10, 6.96534219317e-28, 
0.0, 0.0, 0.0, 0.0, 0.0, 0.0, 0.0, 0.0, 5.5814483861e-109, 2.64639570435e-106, 4.19229593388e-11, 3.27167791795e-19, 
0.0, 0.0, 0.0, 0.0, 0.0, 0.0, 0.0, 0.0, 3.76723388545e-125, 1.8391972581e-122, 1.53147135613e-11, 1.19516398056e-19, 
0.0, 0.0, 0.0, 0.0, 0.0, 0.0, 0.0, 0.0, 2.54271833508e-141, 1.27813138848e-138, 5.59455857035e-12, 4.3660071497e-20, 
0.0, 0.0, 0.0, 0.0, 0.0, 0.0, 0.0, 0.0, 1.71622382049e-157, 8.88172171228e-155, 2.04372647728e-12, 1.59492912615e-20, 
0.0, 0.0, 0.0, 0.0, 0.0, 0.0, 0.0, 0.0, 1.15837612109e-173, 6.17154749808e-171, 7.46585787137e-13, 5.82637368706e-21, 
0.0, 0.0, 0.0, 0.0, 0.0, 0.0, 0.0, 0.0, 7.81853288536e-190, 4.28812067513e-187, 2.72732356189e-13, 2.12840995782e-21, 
0.0, 0.0, 0.0, 0.0, 0.0, 0.0, 0.0, 0.0, 5.27716821561e-206, 2.97931662202e-203, 9.96307984885e-14, 7.77521180734e-22, 
0.0, 0.0, 0.0, 0.0, 0.0, 0.0, 0.0, 0.0, 3.5618580601e-222, 2.06987330562e-219, 3.63957403007e-14, 2.84033244755e-22, 
0.0, 0.0, 0.0, 0.0, 0.0, 0.0, 0.0, 0.0, 2.40409862296e-238, 1.43796724039e-235, 1.32955866271e-14, 1.03759082229e-22, 
0.0, 0.0, 0.0, 0.0, 0.0, 0.0, 0.0, 0.0, 1.62266156916e-254, 9.98925279067e-252, 4.85695914684e-15, 3.79038276107e-23, 
0.0, 0.0, 0.0, 0.0, 0.0, 0.0, 0.0, 0.0, 1.09522568786e-270, 6.93899277045e-268, 1.77427689471e-15, 1.38465001491e-23, 
0.0, 0.0, 0.0, 0.0, 0.0, 0.0, 0.0, 0.0, 7.39229504264e-287, 4.8199207995e-284, 6.48154205937e-16, 5.05821122729e-24, 
0.0, 0.0, 0.0, 0.0, 0.0, 0.0, 0.0, 0.0, 4.98947628812e-303, 3.34783465172e-300, 2.36774697302e-16, 1.8477955111e-24, 
0.0, 0.0, 0.0, 0.0, 0.0, 0.0, 0.0, 0.0, 3.36769966175e-319, 2.32524812501e-316, 8.64952456821e-17, 6.75011006345e-25, 
0.0, 0.0, 0.0, 0.0, 0.0, 0.0, 0.0, 0.0, 0.0, 0.0, 2.06323884e-33, 8.54049703222e-18, 
0.0, 0.0, 0.0, 0.0, 0.0, 0.0, 0.0, 0.0, 0.0, 0.0, 4.92160520188e-50, 1.68656873204e-18, 
0.0, 0.0, 0.0, 0.0, 0.0, 0.0, 0.0, 0.0, 0.0, 0.0, 1.17398903576e-66, 3.33061890564e-19, 
0.0, 0.0, 0.0, 0.0, 0.0, 0.0, 0.0, 0.0, 0.0, 0.0, 2.80040799609e-83, 6.57727259129e-20, 
0.0, 0.0, 0.0, 0.0, 0.0, 0.0, 0.0, 0.0, 0.0, 0.0, 6.68003252642e-100, 1.29887315138e-20, 
0.0, 0.0, 0.0, 0.0, 0.0, 0.0, 0.0, 0.0, 0.0, 0.0, 1.59344047783e-116, 2.56500158685e-21, 
0.0, 0.0, 0.0, 0.0, 0.0, 0.0, 0.0, 0.0, 0.0, 0.0, 3.80095837309e-133, 5.06533923927e-22, 
0.0, 0.0, 0.0, 0.0, 0.0, 0.0, 0.0, 0.0, 0.0, 0.0, 9.0667237057e-150, 1.00029807936e-22, 
0.0, 0.0, 0.0, 0.0, 0.0, 0.0, 0.0, 0.0, 0.0, 0.0, 2.16275661785e-166, 1.97537854883e-23, 
0.0, 0.0, 0.0, 0.0, 0.0, 0.0, 0.0, 0.0, 0.0, 0.0, 5.15899275181e-183, 3.90095761621e-24, 
0.0, 0.0, 0.0, 0.0, 0.0, 0.0, 0.0, 0.0, 0.0, 0.0, 1.23061494731e-199, 7.70357171919e-25, 
0.0, 0.0, 0.0, 0.0, 0.0, 0.0, 0.0, 0.0, 0.0, 0.0, 2.93548221796e-216, 1.52129356613e-25, 
0.0, 0.0, 0.0, 0.0, 0.0, 0.0, 0.0, 0.0, 0.0, 0.0, 7.00223564711e-233, 3.00423517649e-26, 
0.0, 0.0, 0.0, 0.0, 0.0, 0.0, 0.0, 0.0, 0.0, 0.0, 1.67029811176e-249, 5.9327332979e-27, 
0.0, 0.0, 0.0, 0.0, 0.0, 0.0, 0.0, 0.0, 0.0, 0.0, 3.98429290695e-266, 1.1715901824e-27, 
0.0, 0.0, 0.0, 0.0, 0.0, 0.0, 0.0, 0.0, 0.0, 0.0, 9.50404592845e-283, 2.31364446467e-28, 
0.0, 0.0, 0.0, 0.0, 0.0, 0.0, 0.0, 0.0, 0.0, 0.0, 1.70421786359e-299, 4.21899870564e-29, 
0.0, 0.0, 0.0, 0.0, 0.0, 0.0, 0.0, 0.0, 0.0, 0.0, 3.05591800434e-316, 7.69346818407e-30, 
0.0, 0.0, 0.0, 0.0, 0.0, 0.0, 0.0, 0.0, 0.0, 0.0, 0.0, 1.40292654322e-30, 
0.0, 0.0, 0.0, 0.0, 0.0, 0.0, 0.0, 0.0, 0.0, 0.0, 0.0, 2.55827779952e-31, 
0.0, 0.0, 0.0, 0.0, 0.0, 0.0, 0.0, 0.0, 0.0, 0.0, 0.0, 4.66509478429e-32, 
0.0, 0.0, 0.0, 0.0, 0.0, 0.0, 0.0, 0.0, 0.0, 0.0, 0.0, 8.50693749933e-33, 
0.0, 0.0, 0.0, 0.0, 0.0, 0.0, 0.0, 0.0, 0.0, 0.0, 0.0, 1.55126506456e-33, 
0.0, 0.0, 0.0, 0.0, 0.0, 0.0, 0.0, 0.0, 0.0, 0.0, 0.0, 2.82877745455e-34, 
0.0, 0.0, 0.0, 0.0, 0.0, 0.0, 0.0, 0.0, 0.0, 0.0, 0.0, 5.15835885831e-35, 
0.0, 0.0, 0.0, 0.0, 0.0, 0.0, 0.0, 0.0, 0.0, 0.0, 0.0, 9.40641904094e-36, 
0.0, 0.0, 0.0, 0.0, 0.0, 0.0, 0.0, 0.0, 0.0, 0.0, 0.0, 1.71528816828e-36, 
0.0, 0.0, 0.0, 0.0, 0.0, 0.0, 0.0, 0.0, 0.0, 0.0, 0.0, 3.12787840667e-37, 
0.0, 0.0, 0.0, 0.0, 0.0, 0.0, 0.0, 0.0, 0.0, 0.0, 0.0, 5.70377823848e-38, 
0.0, 0.0, 0.0, 0.0, 0.0, 0.0, 0.0, 0.0, 0.0, 0.0, 0.0, 8.00446185208e-39, 
0.0, 0.0, 0.0, 0.0, 0.0, 0.0, 0.0, 0.0, 0.0, 0.0, 0.0, 1.1233152283e-39, 
0.0, 0.0, 0.0, 0.0, 0.0, 0.0, 0.0, 0.0, 0.0, 0.0, 0.0, 1.57641716015e-40, 
0.0, 0.0, 0.0, 0.0, 0.0, 0.0, 0.0, 0.0, 0.0, 0.0, 0.0, 2.21228289281e-41, 
0.0, 0.0, 0.0, 0.0, 0.0, 0.0, 0.0, 0.0, 0.0, 0.0, 0.0, 3.10463227725e-42, 
0.0, 0.0, 0.0, 0.0, 0.0, 0.0, 0.0, 0.0, 0.0, 0.0, 0.0, 4.35692090207e-43, 
0.0, 0.0, 0.0, 0.0, 0.0, 0.0, 0.0, 0.0, 0.0, 0.0, 0.0, 6.88320273044e-44, 
0.0, 0.0, 0.0, 0.0, 0.0, 0.0, 0.0, 0.0, 0.0, 0.0, 0.0, 1.08743034113e-44, 
0.0, 0.0, 0.0, 0.0, 0.0, 0.0, 0.0, 0.0, 0.0, 0.0, 0.0, 1.7179571678e-45, 
0.0, 0.0, 0.0, 0.0, 0.0, 0.0, 0.0, 0.0, 0.0, 0.0, 0.0, 2.71408357735e-46, 
0.0, 0.0, 0.0, 0.0, 0.0, 0.0, 0.0, 0.0, 0.0, 0.0, 0.0, 4.28779587929e-47, 
0.0, 0.0, 0.0, 0.0, 0.0, 0.0, 0.0, 0.0, 0.0, 0.0, 0.0, 6.7739968127e-48, 
0.0, 0.0, 0.0, 0.0, 0.0, 0.0, 0.0, 0.0, 0.0, 0.0, 0.0, 1.07017764162e-48, 
0.0, 0.0, 0.0, 0.0, 0.0, 0.0, 0.0, 0.0, 0.0, 0.0, 0.0, 1.69070080234e-49, 
0.0, 0.0, 0.0, 0.0, 0.0, 0.0, 0.0, 0.0, 0.0, 0.0, 0.0, 2.67102310108e-50, 
0.0, 0.0, 0.0, 0.0, 0.0, 0.0, 0.0, 0.0, 0.0, 0.0, 0.0, 4.21976756421e-51, 
0.0, 0.0, 0.0, 0.0, 0.0, 0.0, 0.0, 0.0, 0.0, 0.0, 0.0, 1.35812686377e-51, 
0.0, 0.0, 0.0, 0.0, 0.0, 0.0, 0.0, 0.0, 0.0, 0.0, 0.0, 4.37111416686e-52, 
0.0, 0.0, 0.0, 0.0, 0.0, 0.0, 0.0, 0.0, 0.0, 0.0, 0.0, 1.40683757678e-52, 
0.0, 0.0, 0.0, 0.0, 0.0, 0.0, 0.0, 0.0, 0.0, 0.0, 0.0, 4.5278889818e-53, 
0.0, 0.0, 0.0, 0.0, 0.0, 0.0, 0.0, 0.0, 0.0, 0.0, 0.0, 1.45729535306e-53, 
0.0, 0.0, 0.0, 0.0, 0.0, 0.0, 0.0, 0.0, 0.0, 0.0, 0.0, 4.69028669782e-54, 
0.0, 0.0, 0.0, 0.0, 0.0, 0.0, 0.0, 0.0, 0.0, 0.0, 0.0, 1.50956285296e-54, 
0.0, 0.0, 0.0, 0.0, 0.0, 0.0, 0.0, 0.0, 0.0, 0.0, 0.0, 4.85850898645e-55, 
0.0, 0.0, 0.0, 0.0, 0.0, 0.0, 0.0, 0.0, 0.0, 0.0, 0.0, 1.5637049842e-55, 
0.0, 0.0, 0.0, 0.0, 0.0, 0.0, 0.0, 0.0, 0.0, 0.0, 0.0, 5.03276475241e-56, 
0.0, 0.0, 0.0, 0.0, 0.0, 0.0, 0.0, 0.0, 0.0, 0.0, 0.0, 1.61978898251e-56, 
0.0, 0.0, 0.0, 0.0, 0.0, 0.0, 0.0, 0.0, 0.0, 0.0, 0.0, 5.21327039297e-57, 
0.0, 0.0, 0.0, 0.0, 0.0, 0.0, 0.0, 0.0, 0.0, 0.0, 0.0, 1.67788449506e-57, 
0.0, 0.0, 0.0, 0.0, 0.0, 0.0, 0.0, 0.0, 0.0, 0.0, 0.0, 5.40025006677e-58, 
0.0, 0.0, 0.0, 0.0, 0.0, 0.0, 0.0, 0.0, 0.0, 0.0, 0.0, 1.73806366704e-58, 
0.0, 0.0, 0.0, 0.0, 0.0, 0.0, 0.0, 0.0, 0.0, 0.0, 0.0, 5.59393597212e-59, 
0.0, 0.0, 0.0, 0.0, 0.0, 0.0, 0.0, 0.0, 0.0, 0.0, 0.0, 1.80040123118e-59, 
0.0, 0.0, 0.0, 0.0, 0.0, 0.0, 0.0, 0.0, 0.0, 0.0, 0.0, 5.7945686354e-60, 
0.0, 0.0, 0.0, 0.0, 0.0, 0.0, 0.0, 0.0, 0.0, 0.0, 0.0, 1.86497460059e-60, 
0.0, 0.0, 0.0, 0.0, 0.0, 0.0, 0.0, 0.0, 0.0, 0.0, 0.0, 6.00239720971e-61, 
0.0, 0.0, 0.0, 0.0, 0.0, 0.0, 0.0, 0.0, 0.0, 0.0, 0.0, 1.93186396488e-61, 
0.0, 0.0, 0.0, 0.0, 0.0, 0.0, 0.0, 0.0, 0.0, 0.0, 0.0, 6.21767978431e-62, 
0.0, 0.0, 0.0, 0.0, 0.0, 0.0, 0.0, 0.0, 0.0, 0.0, 0.0, 2.00115238976e-62, 
0.0, 0.0, 0.0, 0.0, 0.0, 0.0, 0.0, 0.0, 0.0, 0.0, 0.0, 6.44068370512e-63, 
0.0, 0.0, 0.0, 0.0, 0.0, 0.0, 0.0, 0.0, 0.0, 0.0, 0.0, 2.07292592017e-63, 
0.0, 0.0, 0.0, 0.0, 0.0, 0.0, 0.0, 0.0, 0.0, 0.0, 0.0, 6.6716859067e-64, 
0.0, 0.0, 0.0, 0.0, 0.0, 0.0, 0.0, 0.0, 0.0, 0.0, 0.0, 2.14727368714e-64, 
