4,6
1.4054241498e-16,1.4014908506e-16,1.4014908506e-16,1.26914392225e-16,9.1978714753e-05,0.478246263612
1.0,1.0,1.0,1.30029581152e-15,5.63947974827e-16,1.71643832075e-16
2.19921564156e-16,2.19306079277e-16,2.19306079277e-16,1.98589904324e-16,1.98601953343e-16,0.521753736388
3.24457345399e-16,3.23549300793e-16,5.08403855578e-14,1.0,0.999908021285,1.07480894782e-16
0.5,0.5,0.0,0.0,0.0,0.0
0.0,0.5,0.5,0.0,0.0,0.0
0.0,0.0,0.5,0.5,0.0,0.0
0.0,0.0,0.0,0.5,0.5,0.0
0.0,0.0,0.0,0.0,0.5,0.5
0.0,0.0,0.0,0.0,0.0,1.0
0.997957381749,0.0020426182511,3.09736952141e-16,2.22044604925e-16,2.22044604925e-16,2.22044604925e-16
-0.106982387437,-0.267460823042,-1.90886681735
-0.02045729635,-0.370554679656,-0.216766001731
-0.20942659325,0.59949640925,-2.49881696467
0.0706375639792,-0.588505225948,-1.15603461876
-14.689404842601403
